2015/4/16,15:00:00,3100,3288,3089,3284,144423
2015/4/17,15:00:00,3304,3341,3239,3254,271224
2015/4/20,15:00:00,3258,3315,3144,3147,267213
2015/4/21,15:00:00,3177,3242,3153,3234,239311
2015/4/22,15:00:00,3250,3333,3230,3308,239676
2015/4/23,15:00:00,3319,3348,3253,3268,246929
2015/4/24,15:00:00,3249,3268,3170,3233,224297
2015/4/27,15:00:00,3260,3358,3258,3358,259172
2015/4/28,15:00:00,3339,3376,3265,3287,329692
2015/4/29,15:00:00,3282,3324,3262,3295,242567
2015/4/30,15:00:00,3315,3331,3247,3269,202408
2015/5/4,15:00:00,3296,3302,3226,3273,189061
2015/5/5,15:00:00,3280,3280,3144,3163,217674
2015/5/6,15:00:00,3171,3257,3117,3153,261933
2015/5/7,15:00:00,3160,3170,3104,3111,234619
2015/5/8,15:00:00,3131,3149,3052,3100,215483
2015/5/11,15:00:00,3112,3170,3078,3160,201465
2015/5/12,15:00:00,3151,3195,3138,3175,189729
2015/5/13,15:00:00,3200,3200,3112,3125,165986
2015/5/14,15:00:00,3148,3165,3096,3113,130846
2015/5/15,15:00:00,3115,3129,3022,3041,202862
2015/5/18,15:00:00,3034,3049,2962,2969,177652
2015/5/19,15:00:00,2973,3145,2971,3143,295536
2015/5/20,15:00:00,3163,3217,3105,3145,288447
2015/5/21,15:00:00,3157,3200,3140,3191,259112
2015/5/22,15:00:00,3200,3310,3195,3303,323497
2015/5/25,15:00:00,3299,3435,3289,3414,294392
2015/5/26,15:00:00,3426,3458,3378,3418,346109
2015/5/27,15:00:00,3454,3507,3352,3397,342601
2015/5/28,15:00:00,3412,3419,3121,3165,385437
2015/5/29,15:00:00,3179,3194,3061,3119,371616
2015/6/1,15:00:00,3100,3340,3087,3336,344357
2015/6/2,15:00:00,3340,3349,3221,3296,356277
2015/6/3,15:00:00,3297,3336,3212,3245,411425
2015/6/4,15:00:00,3259,3394,3026,3373,535862
2015/6/5,15:00:00,3369,3426,3207,3305,473292
2015/6/8,15:00:00,3315,3543,3285,3535,474019
2015/6/9,15:00:00,3539,3565,3386,3416,558664
2015/6/10,15:00:00,3399,3446,3355,3365,422773
2015/6/11,15:00:00,3382,3414,3327,3361,394680
2015/6/12,15:00:00,3373,3408,3330,3405,360426
2015/6/15,15:00:00,3396,3417,3248,3264,398272
2015/6/16,15:00:00,3265,3293,3153,3193,388570
2015/6/17,15:00:00,3231,3233,3156,3205,362681
2015/6/18,15:00:00,3223,3223,3084,3104,235899
2015/6/19,15:00:00,3100,3107,2804,2860,464391
2015/6/23,15:00:00,2889,3038,2826,2983,535265
2015/6/24,15:00:00,2999,3058,2965,3044,414165
2015/6/25,15:00:00,3080,3097,2907,2919,473847
2015/6/26,15:00:00,2906,2969,2667,2690,661394
2015/6/29,15:00:00,2790,2836,2476,2655,861208
2015/6/30,15:00:00,2715,2884,2632,2848,649227
2015/7/1,15:00:00,2847,2878,2642,2696,553003
2015/7/2,15:00:00,2745,2814,2605,2740,632565
2015/7/3,15:00:00,2725,2760,2520,2596,582227
2015/7/6,15:00:00,2850,2856,2634,2757,469021
2015/7/7,15:00:00,2737,2825,2680,2747,403815
2015/7/8,15:00:00,2650,3056,2500,2500,168297
2015/7/9,15:00:00,2405,2751,2355,2751,273706
2015/7/10,15:00:00,2740,3020,2700,2853,586568
2015/7/13,15:00:00,2839,2892,2792,2799,381964
2015/7/14,15:00:00,2814,2814,2647,2713,339183
2015/7/15,15:00:00,2712,2734,2623,2708,344500
2015/7/16,15:00:00,2610,2711,2566,2692,152400
2015/7/17,15:00:00,2694,2815,2675,2742,312219
2015/7/20,15:00:00,2747,2763,2641,2690,300532
2015/7/21,15:00:00,2684,2711,2625,2666,313348
2015/7/22,15:00:00,2660,2662,2591,2633,232780
2015/7/23,15:00:00,2627,2761,2623,2746,282957
2015/7/24,15:00:00,2744,2754,2643,2666,263171
2015/7/27,15:00:00,2661,2661,2403,2435,256129
2015/7/28,15:00:00,2411,2486,2380,2422,346447
2015/7/29,15:00:00,2451,2486,2402,2478,272411
2015/7/30,15:00:00,2479,2482,2361,2410,282109
2015/7/31,15:00:00,2413,2462,2363,2412,262487
2015/8/3,15:00:00,2398,2408,2348,2405,178356
2015/8/4,15:00:00,2390,2506,2390,2484,197170
2015/8/5,15:00:00,2486,2487,2424,2449,177623
2015/8/6,15:00:00,2430,2484,2405,2440,216145
2015/8/7,15:00:00,2431,2519,2431,2465,239727
2015/8/10,15:00:00,2472,2607,2472,2575,213187
2015/8/11,15:00:00,2585,2594,2549,2562,207352
2015/8/12,15:00:00,2554,2589,2534,2548,228056
2015/8/13,15:00:00,2555,2582,2511,2553,208055
2015/8/14,15:00:00,2558,2572,2530,2549,195238
2015/8/17,15:00:00,2547,2547,2467,2503,198816
2015/8/18,15:00:00,2510,2531,2297,2403,262702
2015/8/19,15:00:00,2382,2421,2321,2391,217036
2015/8/20,15:00:00,2340,2340,2261,2283,196449
2015/8/21,15:00:00,2263,2297,2190,2224,296846
2015/8/24,15:00:00,2195,2195,2005,2005,229796
2015/8/25,15:00:00,1960,2002,1810,1810,403171
2015/8/26,15:00:00,1854,1956,1781,1830,371256
2015/8/27,15:00:00,1870,2043,1870,2034,363261
2015/8/28,15:00:00,2068,2104,2010,2073,273270
2015/8/31,15:00:00,2060,2072,1984,2053,165697
2015/9/1,15:00:00,2050,2093,1974,2036,192928
2015/9/2,15:00:00,2011,2144,2000,2008,206868
2015/9/7,15:00:00,2060,2208,2048,2052,16627
2015/9/8,15:00:00,2075,2182,2051,2170,11823
2015/9/9,15:00:00,2194,2205,2160,2178,9056
2015/9/10,15:00:00,2160,2199,2146,2182,6902
2015/9/11,15:00:00,2184,2213,2168,2176,6424
2015/9/14,15:00:00,2208,2210,2100,2134,8613
2015/9/15,15:00:00,2136,2175,2131,2160,6459
2015/9/16,15:00:00,2168,2270,2133,2244,7009
2015/9/17,15:00:00,2185,2207,2144,2155,4407
2015/9/18,15:00:00,2155,2187,2122,2151,4720
2015/9/21,15:00:00,2111,2188,2111,2186,5446
2015/9/22,15:00:00,2186,2220,2171,2194,5302
2015/9/23,15:00:00,2175,2185,2130,2139,5830
2015/9/24,15:00:00,2134,2169,2134,2153,4442
2015/9/25,15:00:00,2151,2161,2112,2131,5135
2015/9/28,15:00:00,2123,2145,2105,2136,4338
2015/9/29,15:00:00,2111,2113,2066,2094,4843
2015/9/30,15:00:00,2101,2141,2101,2113,4590
2015/10/8,15:00:00,2217,2250,2170,2171,5351
2015/10/9,15:00:00,2189,2216,2185,2207,5160
2015/10/12,15:00:00,2211,2311,2211,2276,6021
2015/10/13,15:00:00,2278,2282,2258,2262,4607
2015/10/14,15:00:00,2247,2278,2236,2240,5071
2015/10/15,15:00:00,2227,2287,2221,2287,2569
2015/10/16,15:00:00,2300,2318,2270,2291,4181
2015/10/19,15:00:00,2297,2305,2255,2263,4703
2015/10/20,15:00:00,2267,2299,2252,2298,4810
2015/10/21,15:00:00,2291,2313,2203,2251,6584
2015/10/22,15:00:00,2252,2305,2252,2291,5604
2015/10/23,15:00:00,2309,2321,2280,2320,4829
2015/10/26,15:00:00,2332,2349,2302,2316,4726
2015/10/27,15:00:00,2314,2320,2271,2315,4974
2015/10/28,15:00:00,2302,2311,2276,2279,4753
2015/10/29,15:00:00,2283,2299,2271,2287,4289
2015/10/30,15:00:00,2285,2311,2272,2286,4486
2015/11/2,15:00:00,2256,2294,2253,2267,4709
2015/11/3,15:00:00,2275,2283,2247,2251,4603
2015/11/4,15:00:00,2265,2372,2262,2367,6815
2015/11/5,15:00:00,2364,2476,2350,2424,8064
2015/11/6,15:00:00,2428,2494,2417,2487,7134
2015/11/9,15:00:00,2484,2564,2471,2507,6843
2015/11/10,15:00:00,2497,2535,2486,2497,5739
2015/11/11,15:00:00,2492,2511,2451,2498,5296
2015/11/12,15:00:00,2497,2511,2447,2462,5269
2015/11/13,15:00:00,2443,2468,2431,2436,4947
2015/11/16,15:00:00,2387,2416,2380,2413,1886
2015/11/17,15:00:00,2439,2484,2380,2383,3416
2015/11/18,15:00:00,2380,2419,2371,2383,3532
2015/11/19,15:00:00,2395,2440,2393,2439,4612
2015/11/20,15:00:00,2439,2444,2411,2413,5508
2015/11/23,15:00:00,2412,2442,2404,2409,4983
2015/11/24,15:00:00,2403,2412,2372,2405,5775
2015/11/25,15:00:00,2405,2434,2388,2430,5784
2015/11/26,15:00:00,2438,2461,2412,2415,5962
2015/11/27,15:00:00,2418,2422,2294,2318,7509
2015/11/30,15:00:00,2318,2329,2275,2306,7161
2015/12/1,15:00:00,2305,2348,2293,2322,6147
2015/12/2,15:00:00,2324,2452,2319,2448,8925
2015/12/3,15:00:00,2432,2449,2408,2438,7092
2015/12/4,15:00:00,2420,2424,2365,2378,6099
2015/12/7,15:00:00,2389,2393,2350,2368,5571
2015/12/8,15:00:00,2351,2362,2327,2337,5997
2015/12/9,15:00:00,2332,2374,2330,2352,5627
2015/12/10,15:00:00,2350,2396,2320,2329,6530
2015/12/11,15:00:00,2340,2350,2312,2340,5639
2015/12/14,15:00:00,2310,2420,2305,2414,6715
2015/12/15,15:00:00,2403,2416,2370,2373,5889
2015/12/16,15:00:00,2386,2397,2369,2374,4904
2015/12/17,15:00:00,2363,2404,2353,2378,4289
2015/12/18,15:00:00,2378,2427,2371,2397,5580
2015/12/21,15:00:00,2396,2475,2386,2466,6483
2015/12/22,15:00:00,2472,2480,2445,2465,5421
2015/12/23,15:00:00,2470,2513,2457,2471,7040
2015/12/24,15:00:00,2472,2479,2433,2458,6207
2015/12/25,15:00:00,2458,2481,2454,2481,4783
2015/12/28,15:00:00,2468,2480,2377,2380,6018
2015/12/29,15:00:00,2396,2423,2389,2411,5634
2015/12/30,15:00:00,2417,2422,2386,2405,5852
2015/12/31,15:00:00,2406,2425,2387,2389,5776
2016/1/4,15:00:00,2374,2388,2240,2254,4786
2016/1/5,15:00:00,2250,2299,2212,2261,7003
2016/1/6,15:00:00,2260,2303,2256,2288,6342
2016/1/7,15:00:00,2268,2268,2140,2146,1951
2016/1/8,15:00:00,2200,2245,2136,2194,7394
2016/1/11,15:00:00,2168,2186,2106,2110,7682
2016/1/12,15:00:00,2137,2155,2113,2121,6770
2016/1/13,15:00:00,2155,2166,2095,2099,7022
2016/1/14,15:00:00,2038,2104,2022,2088,4404
2016/1/15,15:00:00,2090,2091,2010,2031,6227
2016/1/18,15:00:00,2026,2069,2021,2028,6503
2016/1/19,15:00:00,2040,2096,2022,2085,6900
2016/1/20,15:00:00,2065,2079,2022,2039,7176
2016/1/21,15:00:00,2046,2076,1989,2000,7757
2016/1/22,15:00:00,2037,2042,1994,2030,7414
2016/1/25,15:00:00,2030,2046,2016,2026,5537
2016/1/26,15:00:00,2015,2023,1920,1925,7265
2016/1/27,15:00:00,1940,1948,1892,1927,7502
2016/1/28,15:00:00,1927,1940,1890,1899,6232
2016/1/29,15:00:00,1907,1973,1904,1955,7396
2016/2/1,15:00:00,1958,1961,1905,1926,5844
2016/2/2,15:00:00,1925,1973,1925,1961,5899
2016/2/3,15:00:00,1945,1948,1918,1940,5553
2016/2/4,15:00:00,1961,1981,1945,1969,5856
2016/2/5,15:00:00,1961,1972,1950,1950,4253
2016/2/15,15:00:00,1910,1950,1907,1937,5232
2016/2/16,15:00:00,1948,2002,1948,1989,5622
2016/2/17,15:00:00,1959,1988,1955,1975,3631
2016/2/18,15:00:00,1998,2000,1971,1976,4875
2016/2/19,15:00:00,1976,1984,1963,1974,5728
2016/2/22,15:00:00,2000,2031,1982,2017,7233
2016/2/23,15:00:00,2013,2018,1982,1998,6490
2016/2/24,15:00:00,1997,2016,1978,2011,6839
2016/2/25,15:00:00,2006,2013,1893,1908,8943
2016/2/26,15:00:00,1936,1942,1910,1931,7485
2016/2/29,15:00:00,1923,1930,1865,1905,8354
2016/3/1,15:00:00,1907,1970,1906,1948,8986
2016/3/2,15:00:00,1961,2029,1960,2028,8860
2016/3/3,15:00:00,2028,2038,2013,2028,7326
2016/3/4,15:00:00,2025,2101,2025,2101,10489
2016/3/7,15:00:00,2117,2134,2085,2105,8275
2016/3/8,15:00:00,2099,2105,2025,2101,8497
2016/3/9,15:00:00,2067,2083,2045,2077,7977
2016/3/10,15:00:00,2077,2098,2046,2046,6937
2016/3/11,15:00:00,2049,2062,2029,2053,7296
2016/3/14,15:00:00,2075,2115,2065,2067,8186
2016/3/15,15:00:00,2070,2084,2047,2080,7598
2016/3/16,15:00:00,2078,2117,2074,2105,7711
2016/3/17,15:00:00,2099,2126,2066,2100,6688
2016/3/18,15:00:00,2111,2143,2100,2120,7612
2016/3/21,15:00:00,2138,2205,2138,2177,8245
2016/3/22,15:00:00,2170,2182,2159,2162,5949
2016/3/23,15:00:00,2170,2181,2143,2161,6519
2016/3/24,15:00:00,2150,2150,2095,2124,6837
2016/3/25,15:00:00,2126,2149,2126,2134,5604
2016/3/28,15:00:00,2141,2164,2107,2111,6390
2016/3/29,15:00:00,2123,2129,2090,2103,6621
2016/3/30,15:00:00,2124,2159,2118,2155,7901
2016/3/31,15:00:00,2168,2173,2142,2158,6820
2016/4/1,15:00:00,2155,2165,2114,2165,7556
2016/4/5,15:00:00,2145,2189,2142,2173,6999
2016/4/6,15:00:00,2160,2173,2156,2164,5135
